6400
851
7485
807
3727
9187
3392
7011
6398
8181
462
1074
8441
9527
1970
3913
6765
7623
1445
5083
2679
9696
7115
2618
3152
6123
314
9359
3287
116
1581
8626
4440
7720
1951
5319
810
8968
48
7891
4408
5073
367
7498
1690
9779
2444
2067
2973
7672
7908
9926
564
7431
4252
9274
9739
4643
4502
3539
8856
1756
2833
8025
1430
5892
9226
2381
3902
1322
4109
7300
4765
1017
4205
5329
5825
843
9318
5508
3988
9676
3608
3997
4761
2420
574
5962
7638
6763
4809
7784
2577
9157
2090
503
6104
2743
5560
9788
6236
2943
6320
3237
2742
9028
5577
1431
8647
5463
5448
0
8276
430
8535
2748
4304
445
6658
1538
4476
2475
4528
9041
8003
5206
8445
6839
9344
1369
652
7074
5331
8557
8923
4272
517
772
3451
1085
8056
9681
9179
9168
1363
1096
7153
6793
5373
186
7309
8191
9931
1173
1561
2538
909
6211
2159
7036
1768
5311
5813
2829
688
4454
1998
6645
5007
1781
8897
1971
2959
1840
8877
1338
387
9383
9606
7661
7644
5044
7327
4862
1439
3851
1625
3558
1438
1770
2076
2281
7276
7961
2928
2853
9698
3441
6855
4301
9171
7222
2620
1707
466
5551
2720
9363
6759
4939
5082
9431
171
528
7937
4886
7596
4087
8853
3358
8147
8725
3456
4806
561
2221
2858
8657
5315
2986
492
6985
3963
9030
2922
6781
1379
552
1890
7617
8722
6254
3293
1917
8254
2048
5535
6142
9619
2121
1021
496
4673
8252
3286
7162
3768
404
8785
3724
1308
1203
5823
9936
3112
9922
1191
2263
9660
3685
3927
2312
6174
7681
7158
2386
4475
7482
2488
9204
9260
6227
7320
7283
5943
2125
2096
6000
5223
4628
3886
6966
4795
5742
1060
380
9329
9254
2137
7285
7791
9292
1335
1969
9770
3092
2736
6897
4376
4480
6971
3014
5358
2565
2940
1785
4929
8288
4101
8596
590
2978
7580
6794
4767
5139
6618
5320
6912
7647
6203
4199
4192
7529
417
796
4352
1817
1366
8216
1627
1645
162
483
7826
268
6946
6876
5938
1681
7890
9384
9514
7882
7752
4148
5879
4753
1356
5593
6273
8257
9468
2238
3620
4362
1128
6020
6413
6511
9998
3209
1564
8434
4169
8507
4071
7469
8327
9747
3622
7521
4329
3675
8207
8621
1885
3945
8016
2262
6118
6682
573
6630
4336
8309
6916
9165
6803
1254
7750
136
4743
9799
1926
8864
6014
827
9004
2150
4600
8351
7577
2961
8581
5375
5455
4432
3605
7308
1783
2995
9642
8494
2671
8047
8983
4857
5549
4429
2257
4020
3716
2432
6595
5658
125
4553
8440
9229
9008
2930
3229
7950
8224
9529
8595
4762
4841
6970
6507
8114
9818
8586
8308
752
1522
7290
3202
1716
3411
9445
9538
2832
8689
641
774
3041
732
629
8239
4274
707
7996
1863
5145
3388
1748
3704
702
686
5341
1470
7674
4339
4116
3509
5702
3201
7746
9848
5826
3156
6317
5604
9857
7724
8173
4543
8429
