2637
9374
5239
2539
8251
8580
5068
3009
5534
3857
9441
9079
3082
1726
1560
5832
350
4368
2597
5219
8656
9235
6184
2832
5403
6164
4796
703
1725
1334
2518
1361
3208
9368
9289
2079
9598
8464
3615
7725
6782
1798
1750
7241
420
9031
6999
6024
2026
2748
7592
1653
3724
2531
2701
1826
5273
9628
8165
875
3744
6155
2301
3955
8562
7454
2489
3761
6266
3650
2037
2030
8274
5052
4469
7906
1729
9799
7177
2859
7044
1711
4640
372
4339
8160
3252
9721
8550
7285
7310
1003
168
7371
4834
8419
6025
9766
8686
5579
6761
7219
1656
4330
3317
8096
221
8637
8770
8874
3849
7434
3311
8151
7200
6181
3044
7501
2775
892
6871
6545
4726
1452
6313
275
9792
3831
3873
3606
4778
8899
6831
3933
913
8679
7311
6492
7069
6415
8542
4575
9280
3309
8494
460
6348
6679
1005
4083
6378
464
1001
2290
3093
2959
7891
7344
2753
2907
1168
1154
6226
6514
179
2387
3999
6939
8567
6285
7331
300
9329
8564
467
1441
7888
5661
3839
60
7085
7539
7630
3854
7252
406
3693
7490
6079
7764
723
7955
9345
1661
9809
8816
1287
8318
2013
2659
1552
7998
5329
9268
3968
7345
4498
1900
1416
8320
840
687
3757
4578
4679
6982
8845
6908
3318
7453
2237
5017
6885
5174
3609
8408
1814
2697
3062
971
3656
1256
672
2922
627
1845
1968
6653
4937
5252
5574
4849
8856
4323
7816
8104
7343
2662
5930
6423
9075
4566
1859
8356
6222
561
7050
4638
4156
7104
8075
5799
6359
5212
6311
3292
8021
2887
1745
8513
6145
5888
2815
4298
7758
3098
6233
4187
4294
2657
1137
6848
7518
2732
7142
6152
311
3500
9902
8761
7338
6439
5256
3534
3882
3016
2016
15
9802
4502
1585
3890
2478
9564
8776
6437
3583
3384
6411
1131
7155
1409
9692
4884
2396
7380
9740
729
5024
2971
9245
9208
3108
9653
8752
6974
51
1324
6645
1992
3983
2803
7584
2091
8664
5838
4147
270
7028
7308
6694
2898
1480
8156
8109
7698
8006
6995
4556
3960
6898
9468
1116
335
7276
5794
3255
4262
4481
4391
9599
1205
6795
955
476
9104
7110
3467
244
520
214
6548
6240
9626
9252
6849
8011
8882
9728
2405
4146
4732
5804
8324
3439
6635
4721
6264
8798
3725
9138
5689
4716
5234
8708
6946
7253
1719
4210
2670
578
4019
7502
9676
4125
5980
8092
1207
7634
8389
1006
8808
7646
6728
1860
7074
7834
199
7495
6872
3397
7652
814
4999
4077
6182
1756
4873
1701
812
9838
4945
3957
1493
1696
9901
3554
7428
8883
7713
3670
8039
2999
1875
3010
414
9535
525
9703
2332
7398
5300
6406
7512
5765
3163
2087
2257
6644
5007
1384
523
3092
1402
3988
9795
4159
4627
3910
3538
5137
9616
1058
3628
9200
1734
1970
3155
2227
3379
5390
4509
526
5540
1763
4513
5285
6032
8949
3018
579
4775
3373
5467
6862
285
2107
7258
4358
5727
